10,131
10,113
10,139
10,229
10,217
11,20
11,9
37,4
37,3
37,2
37,1
37,0
36,4
36,3
36,2
36,1
36,0
35,4
35,3
35,2
35,1
35,0
32,3
32,2
32,1
32,0
20,3
20,2
20,1
19,3
19,2
19,1
18,3
18,1
14,3
14,1
13,3
13,1
12,3
12,2
12,1
11,26
11,24
11,23
11,21
11,18
11,16
11,14
11,13
11,11
11,10
11,8
11,7
11,4
11,3
11,2
11,1
10,303
10,302
10,291
10,273
10,269
10,267
10,247
10,227
10,207
10,201
10,197
10,189
10,169
10,143
10,129
10,119
10,31
10,25
10,3
10,2
10,1
9,7
9,5
9,3
9,2
9,1
8,15
8,14
8,13
8,10
8,8
8,7
8,5
8,3
8,2
8,1
3,3
3,2
3,1
2,3
2,2
2,1
0,540
0,539
0,386
0,278
0,243
0,9
0,0
42,34
